Outlier Analysis Run: Feb 11, 13:12:13 


Potential outliers found based on multiple criteria:

   Row Standardized_Residual Leverage Cooks_Distance F_Value
1   10                -5.149    0.007             NA      NA
2   26                -2.335    0.238             NA      NA
3   55                -0.002    0.032             NA      NA
4   75                 2.014    0.095             NA      NA
5   91                 0.051    0.090             NA      NA
6  100                 0.544    0.089             NA      NA
7  101                -0.556    0.099             NA      NA
8  102                -0.953    0.087             NA      NA
9  103                 0.015    0.098             NA      NA
10 104                 0.727    0.092             NA      NA
11 105                 0.489    0.086             NA      NA
12 107                -1.265    0.036             NA      NA
13 141                -0.334    0.045             NA      NA
14 160                -1.142    0.089             NA      NA
15 161                 0.375    0.087             NA      NA
16 162                -0.681    0.097             NA      NA
17 163                -0.879    0.087             NA      NA
18 205                -0.319    0.032             NA      NA
19 214                 0.470    0.032             NA      NA
20 331                 0.062    0.035             NA      NA
21 364                 0.879    0.038             NA      NA
22 370                -0.589    0.031             NA      NA
23 384                 0.154    0.041             NA      NA
    MATH SEX SCH_TYPE LOC_CON SEL_CON MOTIV
1   4.05   2        1    0.05    0.15  1.00
2  36.00   2        1    1.12   -7.40  0.67
3  42.80   2        1   -1.78    0.56  1.00
4  66.30   1        2   -1.05    0.28  0.67
5  51.80   2        2   -0.40   -0.47  1.00
6  57.40   2        2    0.42   -0.47  0.33
7  43.10   1        2   -0.67   -0.47  0.00
8  46.90   2        2    0.45    0.65  1.00
9  49.90   2        2    0.06    0.32  0.00
10 62.30   1        2    0.26    0.88  1.00
11 59.60   2        2    0.46    0.34  1.00
12 38.40   2        1    0.57   -2.62  0.00
13 39.30   1        1   -2.23    1.19  1.00
14 46.40   2        2    0.70    0.87  1.00
15 58.70   2        2    0.48    0.63  1.00
16 42.90   2        2   -0.40   -1.80  0.33
17 48.50   2        2    0.66    0.00  1.00
18 40.20   2        1   -0.90   -2.54  0.00
19 46.90   2        1   -1.81   -0.64  1.00
20 38.70   2        1   -1.99    0.03  0.00
21 58.10   2        1   -0.16   -2.58  1.00
22 41.00   2        1   -0.19   -2.58  0.00
23 41.20   1        1   -2.23    1.19  0.33


Removed rows: 10, 26 

Cleaned data saved to: C:/Users/tjin/OneDrive - The University of Alabama/Documents/EdD-Stats/output/25_02_11_13_12_13/cleaned_data.csv 
